3003731
1000875
5000196
6000023
6000315
0101060
5000120
9003234
6000082
6000175
6000290
3002082
6000242
0004028
6000168
2000036
6000266
6000237
6000016
0011154
6000176
9004971
6000207
9000127
5000201
1001944
6000033
8000811
9001184
6000165
6000235
6000147
8003131
3001061
9004066
1100031
3001891
0102566
6000072
6000015
9001300
9001619
6000143
9000288
6000105
6000217
9004070
6000354
6000019
6000076
9000001
6000199
6000048
6000339
6000148
1100011
6000025
6000108
6000136
6000264
5000129
9002827
5000172
6000137
0003178
1000993
6000189
6000178
3000323
3001569
6000300
3001336
6000049
6000166
6000117
6000102
6000282
6000250
6000008
6000306
6000226
6000218
2000019
6000125
6000257
6000332
2000033
5000199
6000071
3002340
6000328
0104808
6000141
2000030
6000283
0000697
6000077
2000022
0100030
6000119
6000341
6000126
6000228
6000295
6000161
1100027
4000066
6000229
6000182
1100013
2000044
9004520
6000129
6000075
6000188
3000119
3002594
9000868
6000024
6000278
1001770
9000933
3001018
6000246
1000505
1001252
5000150
6000279
3002020
6000197
9000003
1100025
6000084
6000212
6000276
0105064
0000952
3003448
0105003
0104019
6000185
6000350
6000299
6000214
0100477
6000297
6000050
3001319
8008998
3001460
2000035
6000247
6000249
6000215
0102534
6000051
6000106
6000073
0003423
6000001
0102544
6000253
6000349
6000100
6000009
4100246
6000004
6000183
0103740
1100017
0101488
3000299
6000159
0003957
6000322
6000152
6000172
0004498
8001974
8001155
5000190
6000171
6000046
9000875
8002274
1000882
6000031
2000004
1100030
6000144
6000062
0100628
6000284
9003378
0101801
0100579
6000091
6000005
6000063
6000087
9001317
6000206
6000035
2000032
6000000
6000323
6000337
2000008
3001667
1100006
6000122
3001004
6000310
6000174
5000191
6000210
5000257
6000099
0100241
6000010
6000040
6000090
0000087
0010950
6000103
6000289
2000031
6000205
6000065
6000231
3002366
6000157
1100003
6000134
6000088
6000064
9002114
1100016
6000298
5000200
6000011
6000020
6000058
8003952
6000124
6000039
0003728
6000121
6000139
1100007
6000013
0100935
6000202
1100001
6000067
0007932
6000026
0009212
9004294
0011088
5000192
6000133
6000272
6000309
6000308
5000165
6000021
6000177
6000140
2000039
6000256
6000203
5000265
6000098
9000029
0005079
1001184
2000028
6000194
0103344
5000174
9001991
6000238
8008545
6000261
6000096
6000078
6000190
6000335
5000130
6000255
6000223
1100023
3002206
0000051
3001976
0104194
9004353
6000259
1000947
6000330
5000173
6000220
0104439
1100002
6000156
6000107
0100091
6000244
6000150
6000232
6000055
9005245
6000204
9005105
6000327
6000198
6000221
5000124
0011003
6000169
6000196
5000137
6000333
9004427
6000213
9000210
5000127
6000344
6000294
1000105
9003585
0100740
6000163
6000131
3000469
6000094
3002909
0006575
0100164
6000052
6000056
9002474
9004060
8006302
6000164
5000149
3003356
6000260
3001131
9002577
6000059
0100132
6000318
1000097
3003322
6000135
6000225
6000123
1100005
5000163
6000017
6000014
6000173
6000200
6000324
6000343
6000353
4100280
6000270
6000007
5000164
6000321
6000060
6000347
0102039
6000348
0100892
0102403
0000631
9003339
5000133
0003793
6000068
9000395
5000128
5000181
1100004
6000184
6000251
6000170
6000286
9003301
6000041
3002905
6000342
6000155
6000262
6000334
3000148
6000208
1100014
1100009
6000267
0102170
6000219
0104552
9000989
5000168
0100855
5000166
6000036
6000093
6000301
0003463
6000222
6000053
0000047
6000265
6000274
3000072
6000104
6000316
9004766
6000352
6000027
1000929
6000241
3001230
6000234
6000329
0000072
8008099
2000041
6000167
9000928
9005273
9002972
8003836
9001071
1001794
0000794
6000288
5000188
6000263
6000201
6000112
6000116
0101463
9003116
9003135
2000034
1001195
0100113
0105159
6000227
6000243
2000001
6000351
9000747
6000130
6000319
6000160
6000320
5000202
6000273
9003836
5000180
9004965
5000204
2000012
6000191
6000127
6000233
4100066
6000044
6000302
4000086
0101492
5000234
6000132
6000045
9004368
5000132
0100822
6000054
5000122
6000292
5000264
6000110
6000195
3000099
9005011
6000268
3000716
6000345
0102435
5000226
3003817
6000085
6000101
3000076
6000095
6000186
9002861
9002021
1000580
9004199
0103468
6000018
5000131
0100061
0102234
3002059
6000313
6000092
6000355
8005616
6000022
6000287
0103420
6000109
1100008
6000271
6000192
0100026
5000203
6000340
6000074
6000089
1000288
6000111
0105305
9004879
6000066
5000016
2000037
9003250
6000070
9004383
2000043
0000382
6000006
6000325
6000181
5000123
6000151
9004581
9001034
3002411
6000296
0004774
6000338
6000239
5000147
5000121
1000061
0005633
0007323
6000154
6000326
0104958
6000280
9003635
1000615
2000002
5000126
5000175
6000003
0004294
1001685
9000136
